1.305271644699274036e+00
-8.557075213945695147e-01
2.402643852171708616e+00
-4.935139134924610982e-01
8.824459176754735346e-01
1.111515621576829149e+00
-6.060826554753662165e-01
-3.187969280108966519e-01
7.456872427281541205e-01
3.596307179681015875e-01
4.947592318264067424e-01
2.338932063429903785e-01
1.317769484184046158e+00
9.738479723338676619e-01
1.135165581775838151e+00
6.829409066094892511e-01
2.648223466671453252e-01
1.058122242068753716e+00
1.596316355488822225e+00
-6.932243020536827949e-01
5.205279107585729648e-01
1.269748233103498158e+00
-4.032661134714083939e-01
-1.844443113736901063e-01
-6.563117056637159941e-01
8.762498295339465892e-01
2.267246762742375354e-01
5.793232315370399066e-01
1.076531605410752990e+00
-9.902747263543232314e-02
-3.195765130866623505e-01
-1.271335704241368658e-01
1.034142845641110586e+00
7.587621628814259500e-01
-1.840108626427860994e-01
1.399282790501868767e+00
-6.299087326355023997e-01
-4.126842352238615508e-01
1.742580198415412784e+00
2.337498758227338769e+00
3.301725699442868311e+00
1.655601916794599227e+00
1.140871836892851210e+00
1.134387358447250804e+00
2.421622308887259045e-01
2.467607321215250504e-01
6.189477911331492388e-01
1.153763409196692180e+00
7.445128939894466447e-01
4.810357103142590685e-01
8.621186831461531419e-01
2.900214815263608137e-01
2.138302029248317915e-01
4.462979884964091148e-01
7.797744532208827906e-03
-5.356589680995123004e-01
-4.962993273788836035e-01
1.661598574833670350e+00
6.941384266304103656e-01
2.688049093844822046e+00
2.309250603708358440e+00
1.978330374136190395e+00
-8.861366748030368168e-01
4.416177165512799041e-01
4.567489009929783239e-01
-7.370626989087596392e-01
-5.471707244338090970e-01
-5.033115969098775899e-01
4.631014796090266450e-01
-2.052328528735148927e-01
6.109321265454463745e-01
4.907878628699987589e-01
1.529488345937155103e+00
2.279399241415374533e+00
-9.300415911051163054e-01
-5.320238089773077217e-02
-7.178562257960949822e-01
1.552132110332929749e+00
4.953697621299164577e-01
-8.510491978588878847e-01
-2.288137462651999021e-01
-2.984519485703167607e-01
6.577433177572428180e-01
1.064467968310314649e+00
2.184230229654395838e-01
1.008556721984570803e+00
7.198598997678090639e-01
6.424999932611239473e-01
9.440910384472487316e-01
-8.803007851346955626e-02
2.353532155568018869e-01
1.212636853352939248e+00
-7.344342234519893875e-01
2.743739823845009695e+00
-3.032325924611232182e-01
4.060674795024336592e-01
1.169878004065096011e+00
6.072154340931399386e-01
1.250486878007008862e+00
-1.607685725806758947e-01
